7
i
3 4
0000
0000
0000
1111
5 1
1000
1000
1000
1000
3 4
0000
0000
0000
1111
4 1
1000
1000
1000
1000
j
3 3
0000
0000
1000
1110
4 2
0000
1100
1000
1000
3 3
0000
0000
1110
0010
3 2
0000
0100
0100
1100
l
3 3
0000
0000
0010
1110
4 2
0000
1000
1000
1100
3 3
0000
0000
1110
1000
3 2
0000
1100
0100
0100
o
4 2
0000
0000
1100
1100
4 2
0000
0000
1100
1100
4 2
0000
0000
1100
1100
4 2
0000
0000
1100
1100
s
3 3
0000
0000
0110
1100
4 2
0000
1000
1100
0100
3 3
0000
0000
0110
1100
3 2
0000
1000
1100
0100
t
3 3
0000
0000
0100
1110
4 2
0000
1000
1100
1000
3 3
0000
0000
1110
0100
3 2
0000
0100
1100
0100
z
3 3
0000
0000
1100
0110
4 2
0000
0100
1100
1000
3 3
0000
0000
1100
0110
3 2
0000
0100
1100
1000
